// Custom Relative From
M1212 0 L 0 0 L 0 1065 L 1212 1065 L 1212 0 Z
M30 20
h1034.8
a 10 10 0 0 1 10 10
v185
a 10 10 0 0 0 10 10
h97.2
a 10 10 0 0 1 10 10
v185
a 10 10 0 0 1 -10 10
h-97.2a 10 10 0 0 0 -10 10
v390
a 10 10 0 0 0 10 10
h97.2
a 10 10 0 0 1 10 10
v185
a 10 10 0 0 1 -10 10
h-1152
a 10 10 0 0 1 -10 -10
v-1005
a 10 10 0 0 1 10 -10

// Zeroed Custom Relative From
M1212 0 L 0 0 L 0 1065 L 1212 1065 L 1212 0 Z
M0 0
h1212
a 10 10 0 0 1 10 10
v185
a 10 10 0 0 0 10 10
h1212
a 10 10 0 0 1 10 10
v185
a 10 10 0 0 1 -10 10
h1212
a 10 10 0 0 0 -10 10
v390
a 10 10 0 0 0 10 10
h1212
a 10 10 0 0 1 10 10
v185
a 10 10 0 0 1 -10 10
h-1212
a 10 10 0 0 1 -10 -10
v-1005
a 10 10 0 0 1 10 -10

// Custom Relative To
M1212 0 L 0 0 L 0 1065 L 1212 1065 L 1212 0 Z
M30 20
h1034.8
a 10 10 0 0 1 10 10
v287.5
a 10 10 0 0 0 10 10
h97.2
a 10 10 0 0 1 10 10
v390
a 10 10 0 0 1 -10 10
h-15.159999999999997
a 10 10 0 0 0 -10 10
v236.25
a 10 10 0 0 0 10 10
h15.159999999999997
a 10 10 0 0 1 10 10
v31.25
a 10 10 0 0 1 -10 10
h-1152
a 10 10 0 0 1 -10 -10
v-1005
a 10 10 0 0 1 10 -10

// Calculated From
M821 0 L 0 0 L 0 690 L 821 690 L 821 0 Z
M30 20
H821 a 0 0 0 0 1 0 0
v12.5 a 0 0 0 0 0 0 0
H821 a 0 0 0 0 1 0 0
v12.5 a 0 0 0 0 0 0 0
H821 a 0 0 0 0 0 -0 0
v500 a 0 0 0 0 1 -0 0
H821 a 0 0 0 0 1 0 0
v45 a 0 0 0 0 1 -0 0
H0 a 0 0 0 0 1 -0 -0
v-630a 0 0 0 0 1 0 -0

// Calculated To
M821 0 L 0 0 L 0 690 L 821 690 L 821 0 Z
M30 20
H711 a 10 10 0 0 1 10 10
v12.5 a 10 10 0 0 0 10 10
H761 a 10 10 0 0 1 10 10
v12.5 a 10 10 0 0 0 10 10
H791 a 10 10 0 0 1 10 10
v500 a 10 10 0 0 1 -10 10
H731 a 10 10 0 0 0 -10 10
v45 a 10 10 0 0 1 -10 10
H30 a 10 10 0 0 1 -10 -10
v-630a 10 10 0 0 1 10 -10
